(kicad_pcb (version 20171130) (host pcbnew "(5.1.2)-2")

  (general
    (thickness 1.6)
    (drawings 37)
    (tracks 768)
    (zones 0)
    (modules 91)
    (nets 62)
  )

  (page A4)
  (title_block
    (title "Sensor Array (15 Sensors)")
    (rev 1)
  )

  (layers
    (0 F.Cu signal)
    (31 B.Cu signal)
    (32 B.Adhes user)
    (33 F.Adhes user)
    (34 B.Paste user)
    (35 F.Paste user)
    (36 B.SilkS user)
    (37 F.SilkS user)
    (38 B.Mask user)
    (39 F.Mask user)
    (40 Dwgs.User user)
    (41 Cmts.User user)
    (42 Eco1.User user)
    (43 Eco2.User user)
    (44 Edge.Cuts user)
    (45 Margin user)
    (46 B.CrtYd user)
    (47 F.CrtYd user)
    (48 B.Fab user)
    (49 F.Fab user)
  )

  (setup
    (last_trace_width 0.5)
    (user_trace_width 0.2)
    (user_trace_width 0.3)
    (user_trace_width 0.4)
    (user_trace_width 0.2)
    (user_trace_width 0.3)
    (user_trace_width 0.4)
    (user_trace_width 0.2)
    (user_trace_width 0.3)
    (user_trace_width 0.4)
    (trace_clearance 0.2)
    (zone_clearance 0.25)
    (zone_45_only no)
    (trace_min 0.2)
    (via_size 0.8)
    (via_drill 0.4)
    (via_min_size 0.3)
    (via_min_drill 0.3)
    (user_via 0.6 0.3)
    (user_via 0.6 0.3)
    (user_via 0.6 0.3)
    (uvia_size 0.3)
    (uvia_drill 0.1)
    (uvias_allowed no)
    (uvia_min_size 0.2)
    (uvia_min_drill 0.1)
    (edge_width 0.05)
    (segment_width 0.2)
    (pcb_text_width 0.3)
    (pcb_text_size 1.5 1.5)
    (mod_edge_width 0.12)
    (mod_text_size 1 1)
    (mod_text_width 0.15)
    (pad_size 4.4 4.4)
    (pad_drill 2.2)
    (pad_to_mask_clearance 0.051)
    (solder_mask_min_width 0.25)
    (aux_axis_origin 0 0)
    (visible_elements 7FFDFFFF)
    (pcbplotparams
      (layerselection 0x010fc_ffffffff)
      (usegerberextensions false)
      (usegerberattributes false)
      (usegerberadvancedattributes false)
      (creategerberjobfile false)
      (excludeedgelayer true)
      (linewidth 0.100000)
      (plotframeref false)
      (viasonmask false)
      (mode 1)
      (useauxorigin false)
      (hpglpennumber 1)
      (hpglpenspeed 20)
      (hpglpendiameter 15.000000)
      (psnegative false)
      (psa4output false)
      (plotreference true)
      (plotvalue false)
      (plotinvisibletext false)
      (padsonsilk false)
      (subtractmaskfromsilk false)
      (outputformat 1)
      (mirror false)
      (drillshape 0)
      (scaleselection 1)
      (outputdirectory "gbr/"))
  )

  (net 0 "")
  (net 1 GND)
  (net 2 +5V)
  (net 3 "Net-(R1-Pad1)")
  (net 4 "Net-(R2-Pad1)")
  (net 5 "Net-(R3-Pad1)")
  (net 6 "Net-(U1-Pad2)")
  (net 7 "Net-(U2-Pad2)")
  (net 8 "Net-(U4-Pad2)")
  (net 9 "Net-(U5-Pad2)")
  (net 10 "Net-(U7-Pad2)")
  (net 11 "Net-(U8-Pad2)")
  (net 12 "Net-(U10-Pad2)")
  (net 13 "Net-(U11-Pad2)")
  (net 14 /CH0)
  (net 15 /CH1)
  (net 16 /CH2)
  (net 17 /CH3)
  (net 18 /CH4)
  (net 19 /CH5)
  (net 20 /CH6)
  (net 21 /CH7)
  (net 22 /CH8)
  (net 23 /CH9)
  (net 24 /CH10)
  (net 25 /CH11)
  (net 26 /CH12)
  (net 27 /CH13)
  (net 28 /CH14)
  (net 29 +3V3)
  (net 30 SCLK)
  (net 31 SDI)
  (net 32 SDO)
  (net 33 CS5)
  (net 34 CS4)
  (net 35 CS3)
  (net 36 CS2)
  (net 37 CS1)
  (net 38 CS0)
  (net 39 GPIO0)
  (net 40 GPIO1)
  (net 41 GPIO2)
  (net 42 GPIO3)
  (net 43 /CH15)
  (net 44 "Net-(R13-Pad1)")
  (net 45 "Net-(R14-Pad1)")
  (net 46 CS)
  (net 47 "Net-(U13-Pad2)")
  (net 48 "Net-(U14-Pad2)")
  (net 49 "Net-(U16-Pad7)")
  (net 50 "Net-(C19-Pad1)")
  (net 51 "Net-(RV1-Pad3)")
  (net 52 "Net-(RV2-Pad3)")
  (net 53 "Net-(RV3-Pad3)")
  (net 54 "Net-(RV4-Pad3)")
  (net 55 "Net-(RV5-Pad3)")
  (net 56 SDO0)
  (net 57 SDO1)
  (net 58 SDI0)
  (net 59 SDI1)
  (net 60 SCLK0)
  (net 61 SCLK1)

  (net_class Default "This is the default net class."
    (clearance 0.2)
    (trace_width 0.5)
    (via_dia 0.8)
    (via_drill 0.4)
    (uvia_dia 0.3)
    (uvia_drill 0.1)
    (add_net +3V3)
    (add_net +5V)
    (add_net /CH0)
    (add_net /CH1)
    (add_net /CH10)
    (add_net /CH11)
    (add_net /CH12)
    (add_net /CH13)
    (add_net /CH14)
    (add_net /CH15)
    (add_net /CH2)
    (add_net /CH3)
    (add_net /CH4)
    (add_net /CH5)
    (add_net /CH6)
    (add_net /CH7)
    (add_net /CH8)
    (add_net /CH9)
    (add_net CS)
    (add_net CS0)
    (add_net CS1)
    (add_net CS2)
    (add_net CS3)
    (add_net CS4)
    (add_net CS5)
    (add_net GND)
    (add_net GPIO0)
    (add_net GPIO1)
    (add_net GPIO2)
    (add_net GPIO3)
    (add_net "Net-(C19-Pad1)")
    (add_net "Net-(R1-Pad1)")
    (add_net "Net-(R13-Pad1)")
    (add_net "Net-(R14-Pad1)")
    (add_net "Net-(R2-Pad1)")
    (add_net "Net-(R3-Pad1)")
    (add_net "Net-(RV1-Pad3)")
    (add_net "Net-(RV2-Pad3)")
    (add_net "Net-(RV3-Pad3)")
    (add_net "Net-(RV4-Pad3)")
    (add_net "Net-(RV5-Pad3)")
    (add_net "Net-(U1-Pad2)")
    (add_net "Net-(U10-Pad2)")
    (add_net "Net-(U11-Pad2)")
    (add_net "Net-(U13-Pad2)")
    (add_net "Net-(U14-Pad2)")
    (add_net "Net-(U16-Pad7)")
    (add_net "Net-(U2-Pad2)")
    (add_net "Net-(U4-Pad2)")
    (add_net "Net-(U5-Pad2)")
    (add_net "Net-(U7-Pad2)")
    (add_net "Net-(U8-Pad2)")
    (add_net SCLK)
    (add_net SCLK0)
    (add_net SCLK1)
    (add_net SDI)
    (add_net SDI0)
    (add_net SDI1)
    (add_net SDO)
    (add_net SDO0)
    (add_net SDO1)
  )

  (module OpKey:OpKey_Logo locked (layer F.Cu) (tedit 5D3F31AA) (tstamp 5D39E820)
    (at 52 36)
    (attr virtual)
    (fp_text reference REF** (at 0 8.4) (layer F.SilkS) hide
      (effects (font (size 1 1) (thickness 0.15)))
    )
    (fp_text value OpKey_Logo (at 0 7.4) (layer F.Fab) hide
      (effects (font (size 1 1) (thickness 0.15)))
    )
    (fp_text user OPKEY (at 0 1.8) (layer F.SilkS)
      (effects (font (size 1.5 1.5) (thickness 0.3)))
    )
    (fp_line (start -1 -2.8) (end -2 -3.8) (layer F.SilkS) (width 0.2))
    (fp_line (start -2 -3.8) (end -1.8 -3.1) (layer F.SilkS) (width 0.2))
    (fp_line (start -2 -3.8) (end -1.3 -3.6) (layer F.SilkS) (width 0.2))
    (fp_line (start -3.3 -3.3) (end -2.6 -3.1) (layer F.SilkS) (width 0.2))
    (fp_line (start -3.3 -3.3) (end -3.1 -2.6) (layer F.SilkS) (width 0.2))
    (fp_line (start -2.3 -2.3) (end -3.3 -3.3) (layer F.SilkS) (width 0.2))
    (fp_line (start -1.8 -1.15) (end -3 -1.15) (layer F.SilkS) (width 0.2))
    (fp_line (start -1.8 -0.15) (end -1.8 -1.15) (layer F.SilkS) (width 0.12))
    (fp_line (start -1.8 -2.15) (end -1.8 -0.15) (layer F.SilkS) (width 0.2))
    (fp_line (start -1.8 -1.15) (end 0.2 -0.15) (layer F.SilkS) (width 0.2))
    (fp_line (start 0.2 -2.15) (end -1.8 -1.15) (layer F.SilkS) (width 0.2))
    (fp_line (start 0.2 -0.15) (end 0.2 -2.15) (layer F.SilkS) (width 0.2))
    (fp_line (start 1.4 -1.15) (end 0.2 -1.15) (layer F.SilkS) (width 0.2))
    (fp_line (start 4.5 3) (end 4 3.5) (layer F.SilkS) (width 0.12))
    (fp_line (start 3.75 3) (end 3.25 3.5) (layer F.SilkS) (width 0.12))
    (fp_line (start 3 3) (end 2.5 3.5) (layer F.SilkS) (width 0.12))
    (fp_line (start 0.75 3) (end 0.25 3.5) (layer F.SilkS) (width 0.12))
    (fp_line (start 0 3) (end -0.5 3.5) (layer F.SilkS) (width 0.12))
    (fp_line (start 1.5 3) (end 1 3.5) (layer F.SilkS) (width 0.12))
    (fp_line (start -0.75 3) (end -1.25 3.5) (layer F.SilkS) (width 0.12))
    (fp_line (start 2.25 3) (end 1.75 3.5) (layer F.SilkS) (width 0.12))
    (fp_arc (start 3.75 -1) (end 3.75 0.25) (angle 90) (layer F.SilkS) (width 0.12))
    (fp_arc (start 3.75 1.5) (end 3.75 0.25) (angle 90) (layer F.SilkS) (width 0.12))
    (fp_arc (start -1.25 -1) (end -5 -1) (angle 180) (layer F.SilkS) (width 0.12))
    (fp_line (start 5 3.5) (end 5 1.5) (layer F.SilkS) (width 0.12))
    (fp_line (start 4.5 3.5) (end 5 3.5) (layer F.SilkS) (width 0.12))
    (fp_line (start -5 3.5) (end -5 -1) (layer F.SilkS) (width 0.12))
    (fp_line (start -4.5 3.5) (end -5 3.5) (layer F.SilkS) (width 0.12))
    (fp_poly (pts (xy 3.25 4.5) (xy 3.25 3.5) (xy 3.75 3.5) (xy 3.75 4.5)) (layer F.SilkS) (width 0.1))
    (fp_poly (pts (xy 2.25 4.5) (xy 2.25 3.5) (xy 2.75 3.5) (xy 2.75 4.5)) (layer F.SilkS) (width 0.1))
    (fp_poly (pts (xy 0.75 4.5) (xy 0.75 3.5) (xy 1.25 3.5) (xy 1.25 4.5)) (layer F.SilkS) (width 0.1))
    (fp_poly (pts (xy -0.25 4.5) (xy -0.25 3.5) (xy 0.25 3.5) (xy 0.25 4.5)) (layer F.SilkS) (width 0.1))
    (fp_poly (pts (xy -1.25 4.5) (xy -1.25 3.5) (xy -0.75 3.5) (xy -0.75 4.5)) (layer F.SilkS) (width 0.1))
    (fp_poly (pts (xy -2.75 4.5) (xy -2.75 3.5) (xy -2.25 3.5) (xy -2.25 4.5)) (layer F.SilkS) (width 0.1))
    (fp_poly (pts (xy -3.75 4.5) (xy -3.75 3.5) (xy -3.25 3.5) (xy -3.25 4.5)) (layer F.SilkS) (width 0.1))
    (fp_line (start 4.5 5) (end 4.5 3.5) (layer F.SilkS) (width 0.12))
    (fp_line (start -4.5 5) (end 4.5 5) (layer F.SilkS) (width 0.12))
    (fp_line (start -4.5 3.5) (end -4.5 5) (layer F.SilkS) (width 0.12))
    (fp_line (start 4.5 3.5) (end -4.5 3.5) (layer F.SilkS) (width 0.12))
    (fp_line (start -4.5 3) (end -5 3.5) (layer F.SilkS) (width 0.12))
    (fp_line (start -3.75 3) (end -4.25 3.5) (layer F.SilkS) (width 0.12))
    (fp_line (start -3 3) (end -3.5 3.5) (layer F.SilkS) (width 0.12))
    (fp_line (start -2.25 3) (end -2.75 3.5) (layer F.SilkS) (width 0.12))
    (fp_line (start -1.5 3) (end -2 3.5) (layer F.SilkS) (width 0.12))
  )

  (module Connector_FFC-FPC:Molex_200528-0170_1x17-1MP_P1.00mm_Horizontal locked (layer F.Cu) (tedit 5C60BCA5) (tstamp 5D362B0B)
    (at 44 42.8 270)
    (descr "Molex Molex 1.00mm Pitch Easy-On BackFlip, Right-Angle, Bottom Contact FFC/FPC, 200528-0170, 17 Circuits (https://www.molex.com/pdm_docs/sd/2005280170_sd.pdf), generated with kicad-footprint-generator")
    (tags "connector Molex  top entry")
    (path /5D4073C6)
    (attr smd)
    (fp_text reference J1 (at 0 -2.61 90) (layer F.SilkS)
      (effects (font (size 1 1) (thickness 0.15)))
    )
    (fp_text value Conn_01x17 (at 0 5.39 90) (layer F.Fab)
      (effects (font (size 1 1) (thickness 0.15)))
    )
    (fp_text user %R (at 0 1.39 90) (layer F.Fab)
      (effects (font (size 1 1) (thickness 0.15)))
    )
    (fp_line (start 12.3 -1.91) (end -12.3 -1.91) (layer F.CrtYd) (width 0.05))
    (fp_line (start 12.3 4.69) (end 12.3 -1.91) (layer F.CrtYd) (width 0.05))
    (fp_line (start -12.3 4.69) (end 12.3 4.69) (layer F.CrtYd) (width 0.05))
    (fp_line (start -12.3 -1.91) (end -12.3 4.69) (layer F.CrtYd) (width 0.05))
    (fp_line (start 10.44 -0.82) (end 8.46 -0.82) (layer F.SilkS) (width 0.12))
    (fp_line (start 10.44 -1.17) (end 10.44 -0.82) (layer F.SilkS) (width 0.12))
    (fp_line (start 11.21 -1.17) (end 10.44 -1.17) (layer F.SilkS) (width 0.12))
    (fp_line (start 11.21 0.88) (end 11.21 -1.17) (layer F.SilkS) (width 0.12))
    (fp_line (start 11.21 3) (end 11.21 2.7) (layer F.SilkS) (width 0.12))
    (fp_line (start 10.41 3) (end 11.21 3) (layer F.SilkS) (width 0.12))
    (fp_line (start 10.41 4.3) (end 10.41 3) (layer F.SilkS) (width 0.12))
    (fp_line (start -10.41 4.3) (end 10.41 4.3) (layer F.SilkS) (width 0.12))
    (fp_line (start -10.41 3) (end -10.41 4.3) (layer F.SilkS) (width 0.12))
    (fp_line (start -11.21 3) (end -10.41 3) (layer F.SilkS) (width 0.12))
    (fp_line (start -11.21 2.7) (end -11.21 3) (layer F.SilkS) (width 0.12))
    (fp_line (start -11.21 -1.17) (end -11.21 0.88) (layer F.SilkS) (width 0.12))
    (fp_line (start -10.44 -1.17) (end -11.21 -1.17) (layer F.SilkS) (width 0.12))
    (fp_line (start -10.44 -0.82) (end -10.44 -1.17) (layer F.SilkS) (width 0.12))
    (fp_line (start -8.46 -0.82) (end -10.44 -0.82) (layer F.SilkS) (width 0.12))
    (fp_line (start -8.46 -1.41) (end -8.46 -0.82) (layer F.SilkS) (width 0.12))
    (fp_line (start 10.3 4.19) (end 10.3 0.19) (layer F.Fab) (width 0.1))
    (fp_line (start -10.3 4.19) (end 10.3 4.19) (layer F.Fab) (width 0.1))
    (fp_line (start -10.3 0.19) (end -10.3 4.19) (layer F.Fab) (width 0.1))
    (fp_line (start 10.3 0.19) (end -10.3 0.19) (layer F.Fab) (width 0.1))
    (fp_line (start -8 0.04) (end -7.5 -0.71) (layer F.Fab) (width 0.1))
    (fp_line (start -8.5 -0.71) (end -8 0.04) (layer F.Fab) (width 0.1))
    (fp_line (start 11.1 -1.06) (end 10.55 -1.06) (layer F.Fab) (width 0.1))
    (fp_line (start 11.1 2.89) (end 11.1 -1.06) (layer F.Fab) (width 0.1))
    (fp_line (start -11.1 2.89) (end 11.1 2.89) (layer F.Fab) (width 0.1))
    (fp_line (start -11.1 -1.06) (end -11.1 2.89) (layer F.Fab) (width 0.1))
    (fp_line (start -10.55 -1.06) (end -11.1 -1.06) (layer F.Fab) (width 0.1))
    (fp_line (start -10.55 -0.71) (end -10.55 -1.06) (layer F.Fab) (width 0.1))
    (fp_line (start 10.55 -0.71) (end -10.55 -0.71) (layer F.Fab) (width 0.1))
    (fp_line (start 10.55 -1.06) (end 10.55 -0.71) (layer F.Fab) (width 0.1))
    (pad 17 smd rect (at 8 -0.91 270) (size 0.4 1) (layers F.Cu F.Paste F.Mask)
      (net 2 +5V))
    (pad 16 smd rect (at 7 -0.91 270) (size 0.4 1) (layers F.Cu F.Paste F.Mask)
      (net 29 +3V3))
    (pad 15 smd rect (at 6 -0.91 270) (size 0.4 1) (layers F.Cu F.Paste F.Mask)
      (net 38 CS0))
    (pad 14 smd rect (at 5 -0.91 270) (size 0.4 1) (layers F.Cu F.Paste F.Mask)
      (net 37 CS1))
    (pad 13 smd rect (at 4 -0.91 270) (size 0.4 1) (layers F.Cu F.Paste F.Mask)
      (net 36 CS2))
    (pad 12 smd rect (at 3 -0.91 270) (size 0.4 1) (layers F.Cu F.Paste F.Mask)
      (net 35 CS3))
    (pad 11 smd rect (at 2 -0.91 270) (size 0.4 1) (layers F.Cu F.Paste F.Mask)
      (net 34 CS4))
    (pad 10 smd rect (at 1 -0.91 270) (size 0.4 1) (layers F.Cu F.Paste F.Mask)
      (net 33 CS5))
    (pad 9 smd rect (at 0 -0.91 270) (size 0.4 1) (layers F.Cu F.Paste F.Mask)
      (net 1 GND))
    (pad 8 smd rect (at -1 -0.91 270) (size 0.4 1) (layers F.Cu F.Paste F.Mask)
      (net 56 SDO0))
    (pad 7 smd rect (at -2 -0.91 270) (size 0.4 1) (layers F.Cu F.Paste F.Mask)
      (net 58 SDI0))
    (pad 6 smd rect (at -3 -0.91 270) (size 0.4 1) (layers F.Cu F.Paste F.Mask)
      (net 60 SCLK0))
    (pad 5 smd rect (at -4 -0.91 270) (size 0.4 1) (layers F.Cu F.Paste F.Mask)
      (net 1 GND))
    (pad 4 smd rect (at -5 -0.91 270) (size 0.4 1) (layers F.Cu F.Paste F.Mask)
      (net 57 SDO1))
    (pad 3 smd rect (at -6 -0.91 270) (size 0.4 1) (layers F.Cu F.Paste F.Mask)
      (net 59 SDI1))
    (pad 2 smd rect (at -7 -0.91 270) (size 0.4 1) (layers F.Cu F.Paste F.Mask)
      (net 61 SCLK1))
    (pad 1 smd rect (at -8 -0.91 270) (size 0.4 1) (layers F.Cu F.Paste F.Mask)
      (net 2 +5V))
    (pad MP smd rect (at 10.8 1.79 270) (size 2 1.3) (layers F.Cu F.Paste F.Mask))
    (pad MP smd rect (at -10.8 1.79 270) (size 2 1.3) (layers F.Cu F.Paste F.Mask))
    (model ${KISYS3DMOD}/Connector_FFC-FPC.3dshapes/Molex_200528-0170_1x17-1MP_P1.00mm_Horizontal.wrl
      (at (xyz 0 0 0))
      (scale (xyz 1 1 1))
      (rotate (xyz 0 0 0))
    )
  )

  (module Resistor_SMD:R_0805_2012Metric_Pad1.15x1.40mm_HandSolder locked (layer F.Cu) (tedit 5B36C52B) (tstamp 5D34EF09)
    (at 58.1 47.7 90)
    (descr "Resistor SMD 0805 (2012 Metric), square (rectangular) end terminal, IPC_7351 nominal with elongated pad for handsoldering. (Body size source: https://docs.google.com/spreadsheets/d/1BsfQQcO9C6DZCsRaXUlFlo91Tg2WpOkGARC1WS5S8t0/edit?usp=sharing), generated with kicad-footprint-generator")
    (tags "resistor handsolder")
    (path /5D407387)
    (attr smd)
    (fp_text reference R1 (at 2.45 0 180) (layer F.SilkS)
      (effects (font (size 1 1) (thickness 0.15)))
    )
    (fp_text value 47 (at 0 1.65 90) (layer F.Fab)
      (effects (font (size 1 1) (thickness 0.15)))
    )
    (fp_text user %R (at 0 0 90) (layer F.Fab)
      (effects (font (size 0.5 0.5) (thickness 0.08)))
    )
    (fp_line (start 1.85 0.95) (end -1.85 0.95) (layer F.CrtYd) (width 0.05))
    (fp_line (start 1.85 -0.95) (end 1.85 0.95) (layer F.CrtYd) (width 0.05))
    (fp_line (start -1.85 -0.95) (end 1.85 -0.95) (layer F.CrtYd) (width 0.05))
    (fp_line (start -1.85 0.95) (end -1.85 -0.95) (layer F.CrtYd) (width 0.05))
    (fp_line (start -0.261252 0.71) (end 0.261252 0.71) (layer F.SilkS) (width 0.12))
    (fp_line (start -0.261252 -0.71) (end 0.261252 -0.71) (layer F.SilkS) (width 0.12))
    (fp_line (start 1 0.6) (end -1 0.6) (layer F.Fab) (width 0.1))
    (fp_line (start 1 -0.6) (end 1 0.6) (layer F.Fab) (width 0.1))
    (fp_line (start -1 -0.6) (end 1 -0.6) (layer F.Fab) (width 0.1))
    (fp_line (start -1 0.6) (end -1 -0.6) (layer F.Fab) (width 0.1))
    (pad 2 smd roundrect (at 1.025 0 90) (size 1.15 1.4) (layers F.Cu F.Paste F.Mask) (roundrect_rratio 0.217391)
      (net 2 +5V))
    (pad 1 smd roundrect (at -1.025 0 90) (size 1.15 1.4) (layers F.Cu F.Paste F.Mask) (roundrect_rratio 0.217391)
      (net 3 "Net-(R1-Pad1)"))
    (model ${KISYS3DMOD}/Resistor_SMD.3dshapes/R_0805_2012Metric.wrl
      (at (xyz 0 0 0))
      (scale (xyz 1 1 1))
      (rotate (xyz 0 0 0))
    )
  )

  (module Capacitor_SMD:C_0805_2012Metric_Pad1.15x1.40mm_HandSolder locked (layer F.Cu) (tedit 5B36C52B) (tstamp 5D37AC3A)
    (at 67.5 49.8 90)
    (descr "Capacitor SMD 0805 (2012 Metric), square (rectangular) end terminal, IPC_7351 nominal with elongated pad for handsoldering. (Body size source: https://docs.google.com/spreadsheets/d/1BsfQQcO9C6DZCsRaXUlFlo91Tg2WpOkGARC1WS5S8t0/edit?usp=sharing), generated with kicad-footprint-generator")
    (tags "capacitor handsolder")
    (path /682A350F)
    (attr smd)
    (fp_text reference C1 (at 2.475 0 180) (layer F.SilkS)
      (effects (font (size 1 1) (thickness 0.15)))
    )
    (fp_text value 100nF (at 0 1.65 90) (layer F.Fab)
      (effects (font (size 1 1) (thickness 0.15)))
    )
    (fp_text user %R (at 0 0 90) (layer F.Fab)
      (effects (font (size 0.5 0.5) (thickness 0.08)))
    )
    (fp_line (start 1.85 0.95) (end -1.85 0.95) (layer F.CrtYd) (width 0.05))
    (fp_line (start 1.85 -0.95) (end 1.85 0.95) (layer F.CrtYd) (width 0.05))
    (fp_line (start -1.85 -0.95) (end 1.85 -0.95) (layer F.CrtYd) (width 0.05))
    (fp_line (start -1.85 0.95) (end -1.85 -0.95) (layer F.CrtYd) (width 0.05))
    (fp_line (start -0.261252 0.71) (end 0.261252 0.71) (layer F.SilkS) (width 0.12))
    (fp_line (start -0.261252 -0.71) (end 0.261252 -0.71) (layer F.SilkS) (width 0.12))
    (fp_line (start 1 0.6) (end -1 0.6) (layer F.Fab) (width 0.1))
    (fp_line (start 1 -0.6) (end 1 0.6) (layer F.Fab) (width 0.1))
    (fp_line (start -1 -0.6) (end 1 -0.6) (layer F.Fab) (width 0.1))
    (fp_line (start -1 0.6) (end -1 -0.6) (layer F.Fab) (width 0.1))
    (pad 2 smd roundrect (at 1.025 0 90) (size 1.15 1.4) (layers F.Cu F.Paste F.Mask) (roundrect_rratio 0.217391)
      (net 1 GND))
    (pad 1 smd roundrect (at -1.025 0 90) (size 1.15 1.4) (layers F.Cu F.Paste F.Mask) (roundrect_rratio 0.217391)
      (net 28 /CH14))
    (model ${KISYS3DMOD}/Capacitor_SMD.3dshapes/C_0805_2012Metric.wrl
      (at (xyz 0 0 0))
      (scale (xyz 1 1 1))
      (rotate (xyz 0 0 0))
    )
  )

  (module Capacitor_SMD:C_0805_2012Metric_Pad1.15x1.40mm_HandSolder locked (layer F.Cu) (tedit 5B36C52B) (tstamp 5D38017B)
    (at 41.6 57.1 270)
    (descr "Capacitor SMD 0805 (2012 Metric), square (rectangular) end terminal, IPC_7351 nominal with elongated pad for handsoldering. (Body size source: https://docs.google.com/spreadsheets/d/1BsfQQcO9C6DZCsRaXUlFlo91Tg2WpOkGARC1WS5S8t0/edit?usp=sharing), generated with kicad-footprint-generator")
    (tags "capacitor handsolder")
    (path /682A354A)
    (attr smd)
    (fp_text reference C2 (at -1 1.55 270) (layer F.SilkS)
      (effects (font (size 1 1) (thickness 0.15)))
    )
    (fp_text value 100nF (at 0 1.65 90) (layer F.Fab)
      (effects (font (size 1 1) (thickness 0.15)))
    )
    (fp_line (start -1 0.6) (end -1 -0.6) (layer F.Fab) (width 0.1))
    (fp_line (start -1 -0.6) (end 1 -0.6) (layer F.Fab) (width 0.1))
    (fp_line (start 1 -0.6) (end 1 0.6) (layer F.Fab) (width 0.1))
    (fp_line (start 1 0.6) (end -1 0.6) (layer F.Fab) (width 0.1))
    (fp_line (start -0.261252 -0.71) (end 0.261252 -0.71) (layer F.SilkS) (width 0.12))
    (fp_line (start -0.261252 0.71) (end 0.261252 0.71) (layer F.SilkS) (width 0.12))
    (fp_line (start -1.85 0.95) (end -1.85 -0.95) (layer F.CrtYd) (width 0.05))
    (fp_line (start -1.85 -0.95) (end 1.85 -0.95) (layer F.CrtYd) (width 0.05))
    (fp_line (start 1.85 -0.95) (end 1.85 0.95) (layer F.CrtYd) (width 0.05))
    (fp_line (start 1.85 0.95) (end -1.85 0.95) (layer F.CrtYd) (width 0.05))
    (fp_text user %R (at 0 0 90) (layer F.Fab)
      (effects (font (size 0.5 0.5) (thickness 0.08)))
    )
    (pad 1 smd roundrect (at -1.025 0 270) (size 1.15 1.4) (layers F.Cu F.Paste F.Mask) (roundrect_rratio 0.217391)
      (net 27 /CH13))
    (pad 2 smd roundrect (at 1.025 0 270) (size 1.15 1.4) (layers F.Cu F.Paste F.Mask) (roundrect_rratio 0.217391)
      (net 1 GND))
    (model ${KISYS3DMOD}/Capacitor_SMD.3dshapes/C_0805_2012Metric.wrl
      (at (xyz 0 0 0))
      (scale (xyz 1 1 1))
      (rotate (xyz 0 0 0))
    )
  )

  (module Capacitor_SMD:C_0805_2012Metric_Pad1.15x1.40mm_HandSolder locked (layer F.Cu) (tedit 5B36C52B) (tstamp 5D344AA5)
    (at 55.430769 57.1 270)
    (descr "Capacitor SMD 0805 (2012 Metric), square (rectangular) end terminal, IPC_7351 nominal with elongated pad for handsoldering. (Body size source: https://docs.google.com/spreadsheets/d/1BsfQQcO9C6DZCsRaXUlFlo91Tg2WpOkGARC1WS5S8t0/edit?usp=sharing), generated with kicad-footprint-generator")
    (tags "capacitor handsolder")
    (path /682A3554)
    (attr smd)
    (fp_text reference C3 (at -2.45 0.005769 180) (layer F.SilkS)
      (effects (font (size 1 1) (thickness 0.15)))
    )
    (fp_text value 100nF (at 0 1.65 90) (layer F.Fab)
      (effects (font (size 1 1) (thickness 0.15)))
    )
    (fp_text user %R (at 0 0 90) (layer F.Fab)
      (effects (font (size 0.5 0.5) (thickness 0.08)))
    )
    (fp_line (start 1.85 0.95) (end -1.85 0.95) (layer F.CrtYd) (width 0.05))
    (fp_line (start 1.85 -0.95) (end 1.85 0.95) (layer F.CrtYd) (width 0.05))
    (fp_line (start -1.85 -0.95) (end 1.85 -0.95) (layer F.CrtYd) (width 0.05))
    (fp_line (start -1.85 0.95) (end -1.85 -0.95) (layer F.CrtYd) (width 0.05))
    (fp_line (start -0.261252 0.71) (end 0.261252 0.71) (layer F.SilkS) (width 0.12))
    (fp_line (start -0.261252 -0.71) (end 0.261252 -0.71) (layer F.SilkS) (width 0.12))
    (fp_line (start 1 0.6) (end -1 0.6) (layer F.Fab) (width 0.1))
    (fp_line (start 1 -0.6) (end 1 0.6) (layer F.Fab) (width 0.1))
    (fp_line (start -1 -0.6) (end 1 -0.6) (layer F.Fab) (width 0.1))
    (fp_line (start -1 0.6) (end -1 -0.6) (layer F.Fab) (width 0.1))
    (pad 2 smd roundrect (at 1.025 0 270) (size 1.15 1.4) (layers F.Cu F.Paste F.Mask) (roundrect_rratio 0.217391)
      (net 1 GND))
    (pad 1 smd roundrect (at -1.025 0 270) (size 1.15 1.4) (layers F.Cu F.Paste F.Mask) (roundrect_rratio 0.217391)
      (net 26 /CH12))
    (model ${KISYS3DMOD}/Capacitor_SMD.3dshapes/C_0805_2012Metric.wrl
      (at (xyz 0 0 0))
      (scale (xyz 1 1 1))
      (rotate (xyz 0 0 0))
    )
  )

  (module Capacitor_SMD:C_0805_2012Metric_Pad1.15x1.40mm_HandSolder locked (layer F.Cu) (tedit 5B36C52B) (tstamp 5D3436B2)
    (at 69.261538 57.1 270)
    (descr "Capacitor SMD 0805 (2012 Metric), square (rectangular) end terminal, IPC_7351 nominal with elongated pad for handsoldering. (Body size source: https://docs.google.com/spreadsheets/d/1BsfQQcO9C6DZCsRaXUlFlo91Tg2WpOkGARC1WS5S8t0/edit?usp=sharing), generated with kicad-footprint-generator")
    (tags "capacitor handsolder")
    (path /5D4073BD)
    (attr smd)
    (fp_text reference C4 (at -2.45 -0.025 180) (layer F.SilkS)
      (effects (font (size 1 1) (thickness 0.15)))
    )
    (fp_text value 100nF (at 0 1.65 90) (layer F.Fab)
      (effects (font (size 1 1) (thickness 0.15)))
    )
    (fp_text user %R (at 0 0 90) (layer F.Fab)
      (effects (font (size 0.5 0.5) (thickness 0.08)))
    )
    (fp_line (start 1.85 0.95) (end -1.85 0.95) (layer F.CrtYd) (width 0.05))
    (fp_line (start 1.85 -0.95) (end 1.85 0.95) (layer F.CrtYd) (width 0.05))
    (fp_line (start -1.85 -0.95) (end 1.85 -0.95) (layer F.CrtYd) (width 0.05))
    (fp_line (start -1.85 0.95) (end -1.85 -0.95) (layer F.CrtYd) (width 0.05))
    (fp_line (start -0.261252 0.71) (end 0.261252 0.71) (layer F.SilkS) (width 0.12))
    (fp_line (start -0.261252 -0.71) (end 0.261252 -0.71) (layer F.SilkS) (width 0.12))
    (fp_line (start 1 0.6) (end -1 0.6) (layer F.Fab) (width 0.1))
    (fp_line (start 1 -0.6) (end 1 0.6) (layer F.Fab) (width 0.1))
    (fp_line (start -1 -0.6) (end 1 -0.6) (layer F.Fab) (width 0.1))
    (fp_line (start -1 0.6) (end -1 -0.6) (layer F.Fab) (width 0.1))
    (pad 2 smd roundrect (at 1.025 0 270) (size 1.15 1.4) (layers F.Cu F.Paste F.Mask) (roundrect_rratio 0.217391)
      (net 1 GND))
    (pad 1 smd roundrect (at -1.025 0 270) (size 1.15 1.4) (layers F.Cu F.Paste F.Mask) (roundrect_rratio 0.217391)
      (net 25 /CH11))
    (model ${KISYS3DMOD}/Capacitor_SMD.3dshapes/C_0805_2012Metric.wrl
      (at (xyz 0 0 0))
      (scale (xyz 1 1 1))
      (rotate (xyz 0 0 0))
    )
  )

  (module Capacitor_SMD:C_0805_2012Metric_Pad1.15x1.40mm_HandSolder locked (layer F.Cu) (tedit 5B36C52B) (tstamp 5D3436C3)
    (at 83.092307 57.1 270)
    (descr "Capacitor SMD 0805 (2012 Metric), square (rectangular) end terminal, IPC_7351 nominal with elongated pad for handsoldering. (Body size source: https://docs.google.com/spreadsheets/d/1BsfQQcO9C6DZCsRaXUlFlo91Tg2WpOkGARC1WS5S8t0/edit?usp=sharing), generated with kicad-footprint-generator")
    (tags "capacitor handsolder")
    (path /5D4073C0)
    (attr smd)
    (fp_text reference C5 (at -2.45 -0.025 180) (layer F.SilkS)
      (effects (font (size 1 1) (thickness 0.15)))
    )
    (fp_text value 100nF (at 0 1.65 90) (layer F.Fab)
      (effects (font (size 1 1) (thickness 0.15)))
    )
    (fp_line (start -1 0.6) (end -1 -0.6) (layer F.Fab) (width 0.1))
    (fp_line (start -1 -0.6) (end 1 -0.6) (layer F.Fab) (width 0.1))
    (fp_line (start 1 -0.6) (end 1 0.6) (layer F.Fab) (width 0.1))
    (fp_line (start 1 0.6) (end -1 0.6) (layer F.Fab) (width 0.1))
    (fp_line (start -0.261252 -0.71) (end 0.261252 -0.71) (layer F.SilkS) (width 0.12))
    (fp_line (start -0.261252 0.71) (end 0.261252 0.71) (layer F.SilkS) (width 0.12))
    (fp_line (start -1.85 0.95) (end -1.85 -0.95) (layer F.CrtYd) (width 0.05))
    (fp_line (start -1.85 -0.95) (end 1.85 -0.95) (layer F.CrtYd) (width 0.05))
    (fp_line (start 1.85 -0.95) (end 1.85 0.95) (layer F.CrtYd) (width 0.05))
    (fp_line (start 1.85 0.95) (end -1.85 0.95) (layer F.CrtYd) (width 0.05))
    (fp_text user %R (at 0 0 90) (layer F.Fab)
      (effects (font (size 0.5 0.5) (thickness 0.08)))
    )
    (pad 1 smd roundrect (at -1.025 0 270) (size 1.15 1.4) (layers F.Cu F.Paste F.Mask) (roundrect_rratio 0.217391)
      (net 24 /CH10))
    (pad 2 smd roundrect (at 1.025 0 270) (size 1.15 1.4) (layers F.Cu F.Paste F.Mask) (roundrect_rratio 0.217391)
      (net 1 GND))
    (model ${KISYS3DMOD}/Capacitor_SMD.3dshapes/C_0805_2012Metric.wrl
      (at (xyz 0 0 0))
      (scale (xyz 1 1 1))
      (rotate (xyz 0 0 0))
    )
  )

  (module Resistor_SMD:R_0805_2012Metric_Pad1.15x1.40mm_HandSolder locked (layer F.Cu) (tedit 5B36C52B) (tstamp 5D34EED9)
    (at 83.3 47.65 90)
    (descr "Resistor SMD 0805 (2012 Metric), square (rectangular) end terminal, IPC_7351 nominal with elongated pad for handsoldering. (Body size source: https://docs.google.com/spreadsheets/d/1BsfQQcO9C6DZCsRaXUlFlo91Tg2WpOkGARC1WS5S8t0/edit?usp=sharing), generated with kicad-footprint-generator")
    (tags "resistor handsolder")
    (path /5D759D43)
    (attr smd)
    (fp_text reference R2 (at 2.45 0 180) (layer F.SilkS)
      (effects (font (size 1 1) (thickness 0.15)))
    )
    (fp_text value 47 (at 0 1.65 90) (layer F.Fab)
      (effects (font (size 1 1) (thickness 0.15)))
    )
    (fp_text user %R (at 0 0 90) (layer F.Fab)
      (effects (font (size 0.5 0.5) (thickness 0.08)))
    )
    (fp_line (start 1.85 0.95) (end -1.85 0.95) (layer F.CrtYd) (width 0.05))
    (fp_line (start 1.85 -0.95) (end 1.85 0.95) (layer F.CrtYd) (width 0.05))
    (fp_line (start -1.85 -0.95) (end 1.85 -0.95) (layer F.CrtYd) (width 0.05))
    (fp_line (start -1.85 0.95) (end -1.85 -0.95) (layer F.CrtYd) (width 0.05))
    (fp_line (start -0.261252 0.71) (end 0.261252 0.71) (layer F.SilkS) (width 0.12))
    (fp_line (start -0.261252 -0.71) (end 0.261252 -0.71) (layer F.SilkS) (width 0.12))
    (fp_line (start 1 0.6) (end -1 0.6) (layer F.Fab) (width 0.1))
    (fp_line (start 1 -0.6) (end 1 0.6) (layer F.Fab) (width 0.1))
    (fp_line (start -1 -0.6) (end 1 -0.6) (layer F.Fab) (width 0.1))
    (fp_line (start -1 0.6) (end -1 -0.6) (layer F.Fab) (width 0.1))
    (pad 2 smd roundrect (at 1.025 0 90) (size 1.15 1.4) (layers F.Cu F.Paste F.Mask) (roundrect_rratio 0.217391)
      (net 2 +5V))
    (pad 1 smd roundrect (at -1.025 0 90) (size 1.15 1.4) (layers F.Cu F.Paste F.Mask) (roundrect_rratio 0.217391)
      (net 4 "Net-(R2-Pad1)"))
    (model ${KISYS3DMOD}/Resistor_SMD.3dshapes/R_0805_2012Metric.wrl
      (at (xyz 0 0 0))
      (scale (xyz 1 1 1))
      (rotate (xyz 0 0 0))
    )
  )

  (module Resistor_SMD:R_0805_2012Metric_Pad1.15x1.40mm_HandSolder locked (layer F.Cu) (tedit 5B36C52B) (tstamp 5D37AC07)
    (at 70.4 49.8 270)
    (descr "Resistor SMD 0805 (2012 Metric), square (rectangular) end terminal, IPC_7351 nominal with elongated pad for handsoldering. (Body size source: https://docs.google.com/spreadsheets/d/1BsfQQcO9C6DZCsRaXUlFlo91Tg2WpOkGARC1WS5S8t0/edit?usp=sharing), generated with kicad-footprint-generator")
    (tags "resistor handsolder")
    (path /682A3505)
    (attr smd)
    (fp_text reference R4 (at -2.45 0 180) (layer F.SilkS)
      (effects (font (size 1 1) (thickness 0.15)))
    )
    (fp_text value 10k (at 0 1.65 90) (layer F.Fab)
      (effects (font (size 1 1) (thickness 0.15)))
    )
    (fp_line (start -1 0.6) (end -1 -0.6) (layer F.Fab) (width 0.1))
    (fp_line (start -1 -0.6) (end 1 -0.6) (layer F.Fab) (width 0.1))
    (fp_line (start 1 -0.6) (end 1 0.6) (layer F.Fab) (width 0.1))
    (fp_line (start 1 0.6) (end -1 0.6) (layer F.Fab) (width 0.1))
    (fp_line (start -0.261252 -0.71) (end 0.261252 -0.71) (layer F.SilkS) (width 0.12))
    (fp_line (start -0.261252 0.71) (end 0.261252 0.71) (layer F.SilkS) (width 0.12))
    (fp_line (start -1.85 0.95) (end -1.85 -0.95) (layer F.CrtYd) (width 0.05))
    (fp_line (start -1.85 -0.95) (end 1.85 -0.95) (layer F.CrtYd) (width 0.05))
    (fp_line (start 1.85 -0.95) (end 1.85 0.95) (layer F.CrtYd) (width 0.05))
    (fp_line (start 1.85 0.95) (end -1.85 0.95) (layer F.CrtYd) (width 0.05))
    (fp_text user %R (at 0 0 90) (layer F.Fab)
      (effects (font (size 0.5 0.5) (thickness 0.08)))
    )
    (pad 1 smd roundrect (at -1.025 0 270) (size 1.15 1.4) (layers F.Cu F.Paste F.Mask) (roundrect_rratio 0.217391)
      (net 1 GND))
    (pad 2 smd roundrect (at 1.025 0 270) (size 1.15 1.4) (layers F.Cu F.Paste F.Mask) (roundrect_rratio 0.217391)
      (net 28 /CH14))
    (model ${KISYS3DMOD}/Resistor_SMD.3dshapes/R_0805_2012Metric.wrl
      (at (xyz 0 0 0))
      (scale (xyz 1 1 1))
      (rotate (xyz 0 0 0))
    )
  )

  (module Resistor_SMD:R_0805_2012Metric_Pad1.15x1.40mm_HandSolder locked (layer F.Cu) (tedit 5B36C52B) (tstamp 5D341463)
    (at 44.5 57.1 90)
    (descr "Resistor SMD 0805 (2012 Metric), square (rectangular) end terminal, IPC_7351 nominal with elongated pad for handsoldering. (Body size source: https://docs.google.com/spreadsheets/d/1BsfQQcO9C6DZCsRaXUlFlo91Tg2WpOkGARC1WS5S8t0/edit?usp=sharing), generated with kicad-footprint-generator")
    (tags "resistor handsolder")
    (path /682A3519)
    (attr smd)
    (fp_text reference R5 (at 2.275 0 180) (layer F.SilkS)
      (effects (font (size 1 1) (thickness 0.15)))
    )
    (fp_text value 10k (at 0 1.65 90) (layer F.Fab)
      (effects (font (size 1 1) (thickness 0.15)))
    )
    (fp_line (start -1 0.6) (end -1 -0.6) (layer F.Fab) (width 0.1))
    (fp_line (start -1 -0.6) (end 1 -0.6) (layer F.Fab) (width 0.1))
    (fp_line (start 1 -0.6) (end 1 0.6) (layer F.Fab) (width 0.1))
    (fp_line (start 1 0.6) (end -1 0.6) (layer F.Fab) (width 0.1))
    (fp_line (start -0.261252 -0.71) (end 0.261252 -0.71) (layer F.SilkS) (width 0.12))
    (fp_line (start -0.261252 0.71) (end 0.261252 0.71) (layer F.SilkS) (width 0.12))
    (fp_line (start -1.85 0.95) (end -1.85 -0.95) (layer F.CrtYd) (width 0.05))
    (fp_line (start -1.85 -0.95) (end 1.85 -0.95) (layer F.CrtYd) (width 0.05))
    (fp_line (start 1.85 -0.95) (end 1.85 0.95) (layer F.CrtYd) (width 0.05))
    (fp_line (start 1.85 0.95) (end -1.85 0.95) (layer F.CrtYd) (width 0.05))
    (fp_text user %R (at 0 0 90) (layer F.Fab)
      (effects (font (size 0.5 0.5) (thickness 0.08)))
    )
    (pad 1 smd roundrect (at -1.025 0 90) (size 1.15 1.4) (layers F.Cu F.Paste F.Mask) (roundrect_rratio 0.217391)
      (net 1 GND))
    (pad 2 smd roundrect (at 1.025 0 90) (size 1.15 1.4) (layers F.Cu F.Paste F.Mask) (roundrect_rratio 0.217391)
      (net 27 /CH13))
    (model ${KISYS3DMOD}/Resistor_SMD.3dshapes/R_0805_2012Metric.wrl
      (at (xyz 0 0 0))
      (scale (xyz 1 1 1))
      (rotate (xyz 0 0 0))
    )
  )

  (module Resistor_SMD:R_0805_2012Metric_Pad1.15x1.40mm_HandSolder locked (layer F.Cu) (tedit 5B36C52B) (tstamp 5D344A75)
    (at 58.330769 57.1 90)
    (descr "Resistor SMD 0805 (2012 Metric), square (rectangular) end terminal, IPC_7351 nominal with elongated pad for handsoldering. (Body size source: https://docs.google.com/spreadsheets/d/1BsfQQcO9C6DZCsRaXUlFlo91Tg2WpOkGARC1WS5S8t0/edit?usp=sharing), generated with kicad-footprint-generator")
    (tags "resistor handsolder")
    (path /682A3535)
    (attr smd)
    (fp_text reference R6 (at 2.45 -0.05 180) (layer F.SilkS)
      (effects (font (size 1 1) (thickness 0.15)))
    )
    (fp_text value 10k (at 0 1.65 90) (layer F.Fab)
      (effects (font (size 1 1) (thickness 0.15)))
    )
    (fp_line (start -1 0.6) (end -1 -0.6) (layer F.Fab) (width 0.1))
    (fp_line (start -1 -0.6) (end 1 -0.6) (layer F.Fab) (width 0.1))
    (fp_line (start 1 -0.6) (end 1 0.6) (layer F.Fab) (width 0.1))
    (fp_line (start 1 0.6) (end -1 0.6) (layer F.Fab) (width 0.1))
    (fp_line (start -0.261252 -0.71) (end 0.261252 -0.71) (layer F.SilkS) (width 0.12))
    (fp_line (start -0.261252 0.71) (end 0.261252 0.71) (layer F.SilkS) (width 0.12))
    (fp_line (start -1.85 0.95) (end -1.85 -0.95) (layer F.CrtYd) (width 0.05))
    (fp_line (start -1.85 -0.95) (end 1.85 -0.95) (layer F.CrtYd) (width 0.05))
    (fp_line (start 1.85 -0.95) (end 1.85 0.95) (layer F.CrtYd) (width 0.05))
    (fp_line (start 1.85 0.95) (end -1.85 0.95) (layer F.CrtYd) (width 0.05))
    (fp_text user %R (at 0 0 90) (layer F.Fab)
      (effects (font (size 0.5 0.5) (thickness 0.08)))
    )
    (pad 1 smd roundrect (at -1.025 0 90) (size 1.15 1.4) (layers F.Cu F.Paste F.Mask) (roundrect_rratio 0.217391)
      (net 1 GND))
    (pad 2 smd roundrect (at 1.025 0 90) (size 1.15 1.4) (layers F.Cu F.Paste F.Mask) (roundrect_rratio 0.217391)
      (net 26 /CH12))
    (model ${KISYS3DMOD}/Resistor_SMD.3dshapes/R_0805_2012Metric.wrl
      (at (xyz 0 0 0))
      (scale (xyz 1 1 1))
      (rotate (xyz 0 0 0))
    )
  )

  (module Resistor_SMD:R_0805_2012Metric_Pad1.15x1.40mm_HandSolder locked (layer F.Cu) (tedit 5B36C52B) (tstamp 5D343964)
    (at 72.161538 57.1 90)
    (descr "Resistor SMD 0805 (2012 Metric), square (rectangular) end terminal, IPC_7351 nominal with elongated pad for handsoldering. (Body size source: https://docs.google.com/spreadsheets/d/1BsfQQcO9C6DZCsRaXUlFlo91Tg2WpOkGARC1WS5S8t0/edit?usp=sharing), generated with kicad-footprint-generator")
    (tags "resistor handsolder")
    (path /682A34A7)
    (attr smd)
    (fp_text reference R7 (at 2.45 -0.05 180) (layer F.SilkS)
      (effects (font (size 1 1) (thickness 0.15)))
    )
    (fp_text value 10k (at 0 1.65 90) (layer F.Fab)
      (effects (font (size 1 1) (thickness 0.15)))
    )
    (fp_line (start -1 0.6) (end -1 -0.6) (layer F.Fab) (width 0.1))
    (fp_line (start -1 -0.6) (end 1 -0.6) (layer F.Fab) (width 0.1))
    (fp_line (start 1 -0.6) (end 1 0.6) (layer F.Fab) (width 0.1))
    (fp_line (start 1 0.6) (end -1 0.6) (layer F.Fab) (width 0.1))
    (fp_line (start -0.261252 -0.71) (end 0.261252 -0.71) (layer F.SilkS) (width 0.12))
    (fp_line (start -0.261252 0.71) (end 0.261252 0.71) (layer F.SilkS) (width 0.12))
    (fp_line (start -1.85 0.95) (end -1.85 -0.95) (layer F.CrtYd) (width 0.05))
    (fp_line (start -1.85 -0.95) (end 1.85 -0.95) (layer F.CrtYd) (width 0.05))
    (fp_line (start 1.85 -0.95) (end 1.85 0.95) (layer F.CrtYd) (width 0.05))
    (fp_line (start 1.85 0.95) (end -1.85 0.95) (layer F.CrtYd) (width 0.05))
    (fp_text user %R (at 0 0 90) (layer F.Fab)
      (effects (font (size 0.5 0.5) (thickness 0.08)))
    )
    (pad 1 smd roundrect (at -1.025 0 90) (size 1.15 1.4) (layers F.Cu F.Paste F.Mask) (roundrect_rratio 0.217391)
      (net 1 GND))
    (pad 2 smd roundrect (at 1.025 0 90) (size 1.15 1.4) (layers F.Cu F.Paste F.Mask) (roundrect_rratio 0.217391)
      (net 25 /CH11))
    (model ${KISYS3DMOD}/Resistor_SMD.3dshapes/R_0805_2012Metric.wrl
      (at (xyz 0 0 0))
      (scale (xyz 1 1 1))
      (rotate (xyz 0 0 0))
    )
  )

  (module Resistor_SMD:R_0805_2012Metric_Pad1.15x1.40mm_HandSolder locked (layer F.Cu) (tedit 5B36C52B) (tstamp 5D343975)
    (at 85.992307 57.1 90)
    (descr "Resistor SMD 0805 (2012 Metric), square (rectangular) end terminal, IPC_7351 nominal with elongated pad for handsoldering. (Body size source: https://docs.google.com/spreadsheets/d/1BsfQQcO9C6DZCsRaXUlFlo91Tg2WpOkGARC1WS5S8t0/edit?usp=sharing), generated with kicad-footprint-generator")
    (tags "resistor handsolder")
    (path /5D4073BE)
    (attr smd)
    (fp_text reference R8 (at 2.45 -0.05 180) (layer F.SilkS)
      (effects (font (size 1 1) (thickness 0.15)))
    )
    (fp_text value 10k (at 0 1.65 90) (layer F.Fab)
      (effects (font (size 1 1) (thickness 0.15)))
    )
    (fp_text user %R (at 0 0 90) (layer F.Fab)
      (effects (font (size 0.5 0.5) (thickness 0.08)))
    )
    (fp_line (start 1.85 0.95) (end -1.85 0.95) (layer F.CrtYd) (width 0.05))
    (fp_line (start 1.85 -0.95) (end 1.85 0.95) (layer F.CrtYd) (width 0.05))
    (fp_line (start -1.85 -0.95) (end 1.85 -0.95) (layer F.CrtYd) (width 0.05))
    (fp_line (start -1.85 0.95) (end -1.85 -0.95) (layer F.CrtYd) (width 0.05))
    (fp_line (start -0.261252 0.71) (end 0.261252 0.71) (layer F.SilkS) (width 0.12))
    (fp_line (start -0.261252 -0.71) (end 0.261252 -0.71) (layer F.SilkS) (width 0.12))
    (fp_line (start 1 0.6) (end -1 0.6) (layer F.Fab) (width 0.1))
    (fp_line (start 1 -0.6) (end 1 0.6) (layer F.Fab) (width 0.1))
    (fp_line (start -1 -0.6) (end 1 -0.6) (layer F.Fab) (width 0.1))
    (fp_line (start -1 0.6) (end -1 -0.6) (layer F.Fab) (width 0.1))
    (pad 2 smd roundrect (at 1.025 0 90) (size 1.15 1.4) (layers F.Cu F.Paste F.Mask) (roundrect_rratio 0.217391)
      (net 24 /CH10))
    (pad 1 smd roundrect (at -1.025 0 90) (size 1.15 1.4) (layers F.Cu F.Paste F.Mask) (roundrect_rratio 0.217391)
      (net 1 GND))
    (model ${KISYS3DMOD}/Resistor_SMD.3dshapes/R_0805_2012Metric.wrl
      (at (xyz 0 0 0))
